-2.149962186813354492e-01 2.265799045562744141e+00 -2.225335836410522461e+00
-2.456674128770828247e-01 2.227137804031372070e+00 -2.156003236770629883e+00
-2.567577362060546875e-01 2.175444126129150391e+00 -2.093219280242919922e+00
-2.916520833969116211e-01 2.141986131668090820e+00 -2.024866819381713867e+00
-3.076572418212890625e-01 2.095791816711425781e+00 -1.962667465209960938e+00
-3.194445967674255371e-01 2.047326087951660156e+00 -1.902414441108703613e+00
-3.273135423660278320e-01 1.996653199195861816e+00 -1.843872547149658203e+00
-3.315318524837493896e-01 1.943803787231445312e+00 -1.786804914474487305e+00
-3.323325216770172119e-01 1.888775587081909180e+00 -1.730975985527038574e+00
-3.299123048782348633e-01 1.831532001495361328e+00 -1.676152586936950684e+00
