-3.830969286277541852e-01 2.271156626301887638e+00 -1.638059697674133508e+00
-3.221708970672250150e-01 2.232457496591645274e+00 -1.660286599524420259e+00
-2.635144864596467573e-01 2.191814361284456947e+00 -1.678299874824810134e+00
-2.069155602255632331e-01 2.149332023429271654e+00 -1.692416463203708421e+00
-1.521590369726794345e-01 2.105090385868092273e+00 -1.702931348895412977e+00
-9.903232797118560748e-02 2.059145549552865440e+00 -1.710113221581679888e+00
-4.732842843328306098e-02 2.011530739846286941e+00 -1.714202311413003832e+00
3.152726479435400461e-03 1.962256904370207611e+00 -1.715409630849642930e+00
5.260417702485418318e-02 1.911312857677592847e+00 -1.713917034702447051e+00
1.012127983497516648e-01 1.858664856271246446e+00 -1.709877654620998166e+00
1.491608965187418145e-01 1.804255473218954631e+00 -1.703416369737696501e+00
1.966284385093757248e-01 1.748001603001676507e+00 -1.694630041511052232e+00
